4 0.01 9 2 3
5 0.01 17 4 5
6 0.03 20 6 7
7 0.01 25 8 9
8 0.02 37 10 11
9 0.02 110 6 9
10 0.01 141 8 11
11 0 153 10 13
12 0.03 167 12 15
13 0.04 186 14 17
14 0.04 205 16 19
15 0.01 240 18 21
16 0.3 10730 12 18
17 0.28 11411 14 20
18 0.3 12114 16 22
19 0.33 12375 18 24
20 0.36 12900 20 26
21 0.39 13588 22 28
22 0.42 14345 24 30
23 0.42 14527 26 32
24 0.46 15102 28 34
25 669.16 25197513 20 30
26 707.28 26159657 22 32
27 745.64 27112978 24 34
28 784.06 28072334 26 36
29 820.78 28934866 28 38
30 858.48 29869162 30 40
