selman-5-0.prob 0.01 49 35 29 6 6
selman-5-1.prob 0 28 20 15 5 5
selman-5-2.prob 0.02 69 51 44 7 7
selman-5-3.prob 0 49 37 31 6 6
selman-5-4.prob 0 68 50 43 7 7
selman-6-0.prob 0 121 92 83 9 9
selman-6-1.prob 0.03 121 92 83 9 9
selman-6-2.prob 0 64 48 41 7 7
selman-6-3.prob 0.01 50 36 30 6 6
selman-6-4.prob 0 50 36 30 6 6
selman-7-0.prob 0.03 93 75 67 8 8
selman-7-1.prob 0 120 91 81 10 10
selman-7-2.prob 0.02 155 123 113 10 10
selman-7-3.prob 0.02 155 122 112 10 10
selman-7-4.prob 0.02 137 105 95 10 10
selman-8-0.prob 0.01 242 196 184 12 12
selman-8-1.prob 0.03 173 131 119 12 12
selman-8-2.prob 0.02 220 174 162 12 12
selman-8-3.prob 0.03 296 242 229 13 13
selman-8-4.prob 0.01 134 107 96 11 11
selman-9-0.prob 0 260 213 202 11 11
selman-9-1.prob 0.02 267 209 195 10 11
selman-9-2.prob 0 210 169 159 10 10
selman-9-3.prob 0.02 171 136 125 9 10
selman-9-4.prob 0.02 214 174 164 10 10
selman-10-0.prob 0.01 392 324 311 13 13
selman-10-1.prob 0.01 298 243 231 12 12
selman-10-2.prob 0.02 474 402 388 14 14
selman-10-3.prob 0.02 245 197 186 11 11
selman-10-4.prob 0.01 322 274 262 12 12
selman-11-0.prob 0.03 463 389 375 14 14
selman-11-1.prob 0.83 21414 15923 15276 15 16
selman-11-2.prob 0.05 647 521 499 13 14
selman-11-3.prob 0 193 151 139 12 12
selman-11-4.prob 0.24 6212 3987 3721 13 15
selman-12-0.prob 0.08 2353 1727 1631 14 16
selman-12-1.prob 0.03 661 569 553 16 16
selman-12-2.prob 0.03 381 313 298 15 15
selman-12-3.prob 0.18 4032 2991 2837 15 16
selman-12-4.prob 0.03 784 633 608 14 15
selman-13-0.prob 0.03 375 302 285 17 17
selman-13-1.prob 0.28 6605 5140 4935 17 18
selman-13-2.prob 0.02 461 381 365 16 16
selman-13-3.prob 0.01 648 556 539 17 17
selman-13-4.prob 0.03 845 657 623 17 18
selman-14-0.prob 0.04 922 806 787 19 19
selman-14-1.prob 0.04 1112 975 955 20 20
selman-14-2.prob 0.03 1036 898 877 21 21
selman-14-3.prob 0 405 330 313 17 17
selman-14-4.prob 0.04 692 569 543 18 19
selman-15-0.prob 0.06 1355 1208 1186 22 22
selman-15-1.prob 0.06 1151 1010 988 22 22
selman-15-2.prob 0.04 1375 1143 1107 19 20
selman-15-3.prob 0.03 754 619 593 18 19
selman-15-4.prob 0.19 5388 4152 3976 19 20
