PROBS2/ratio-45-7x7-0.prob 1.85 7854 5817 2821 51 57
PROBS2/ratio-45-7x7-1.prob 0.38 2038 1508 866 50 55
PROBS2/ratio-45-7x7-2.prob 1.74 7981 5710 2740 51 57
PROBS2/ratio-45-7x7-3.prob 2.95 13579 8616 3847 50 57
PROBS2/ratio-45-7x7-4.prob 10.02 -1
PROBS2/ratio-45-7x7-5.prob 4.71 21664 13987 4420 53 61
PROBS2/ratio-45-7x7-6.prob 1.62 8024 5635 2224 49 55
PROBS2/ratio-45-7x7-7.prob 6.02 26334 17210 6479 52 60
PROBS2/ratio-45-7x7-8.prob 0.48 3046 2023 1114 52 57
PROBS2/ratio-45-7x7-9.prob 0.53 2715 1870 1138 50 55
PROBS2/ratio-45-7x8-0.prob 0.09 395 339 173 52 55
PROBS2/ratio-45-7x8-1.prob 0.69 3199 2522 1231 51 56
PROBS2/ratio-45-7x8-2.prob 1.45 6858 4986 2384 50 56
PROBS2/ratio-45-7x8-3.prob 1.8 8403 5910 3197 49 55
PROBS2/ratio-45-7x8-4.prob 0.45 2606 1452 790 49 54
PROBS2/ratio-45-7x8-5.prob 0.58 2933 1909 1036 52 57
PROBS2/ratio-45-7x8-6.prob 1.7 7537 5841 2463 50 56
PROBS2/ratio-45-7x8-7.prob 1.48 6551 5264 1551 49 55
PROBS2/ratio-45-7x8-8.prob 0.41 2124 1692 877 50 55
PROBS2/ratio-45-7x8-9.prob 3.45 14832 10469 4170 51 58
PROBS2/ratio-45-8x7-0.prob 0.11 479 432 258 52 55
PROBS2/ratio-45-8x7-1.prob 0.3 1545 1287 813 46 50
PROBS2/ratio-45-8x7-2.prob 5.02 21514 14819 6747 50 57
PROBS2/ratio-45-8x7-3.prob 0.17 710 629 414 50 53
PROBS2/ratio-45-8x7-4.prob 1.13 5876 4149 2410 48 53
PROBS2/ratio-45-8x7-5.prob 0.06 136 130 66 50 52
PROBS2/ratio-45-8x7-6.prob 1.03 5103 3809 1995 49 54
PROBS2/ratio-45-8x7-7.prob 1.02 4946 3188 1996 50 55
PROBS2/ratio-45-8x7-8.prob 0.7 3898 2789 1973 48 53
PROBS2/ratio-45-8x7-9.prob 0.88 4244 3117 1703 52 57
PROBS2/ratio-45-8x8-0.prob 10.01 -1
PROBS2/ratio-45-8x8-1.prob 0.09 465 421 281 53 56
PROBS2/ratio-45-8x8-2.prob 0.04 181 168 101 51 53
PROBS2/ratio-45-8x8-3.prob 2.61 11180 9067 3573 52 58
PROBS2/ratio-45-8x8-4.prob 2.49 11224 8495 2804 50 56
PROBS2/ratio-45-8x8-5.prob 0.37 1823 1424 632 49 53
PROBS2/ratio-45-8x8-6.prob 1.08 5510 4064 2123 49 54
PROBS2/ratio-45-8x8-7.prob 2.54 12207 7763 4036 45 51
PROBS2/ratio-45-8x8-8.prob 4.67 20626 13486 6038 49 56
PROBS2/ratio-45-8x8-9.prob 0.09 489 408 250 52 55
