rand-20-0.prob 0.01 34 34 12 19 20
rand-20-1.prob 0.02 25 26 2 24 24
rand-20-2.prob 0.01 23 24 2 22 22
rand-20-3.prob 0.01 30 30 5 24 25
rand-20-4.prob 0.01 26 27 6 20 21
rand-20-5.prob 0.02 35 35 9 22 23
rand-20-6.prob 0.02 24 25 2 23 23
rand-20-8.prob 0.03 22 23 2 21 21
rand-20-9.prob 0.02 27 28 5 22 23
rand-20-10.prob 0.02 25 26 2 24 24
rand-20-11.prob 0.01 21 22 2 20 20
rand-20-12.prob 0.03 53 54 21 20 21
rand-20-13.prob 0.01 23 24 2 22 22
rand-20-14.prob 0.03 24 25 2 23 23
rand-20-15.prob 0.03 38 39 15 18 19
rand-20-16.prob 0.03 35 36 7 25 26
rand-20-17.prob 0.03 24 25 2 23 23
rand-20-18.prob 0.02 49 49 27 16 18
rand-20-19.prob 0.03 22 23 2 21 21
rand-20-7.prob 0.02 44 44 10 25 27
