rand-20-0.prob 0.53 3479 3113 3070 19 20
rand-20-1.prob 0.49 2909 2689 2665 24 24
rand-20-2.prob 0.35 1927 1743 1721 22 22
rand-20-3.prob 2.79 16412 12552 12238 24 25
rand-20-4.prob 0.21 1520 1363 1342 20 21
rand-20-5.prob 0.73 4553 3847 3782 22 23
rand-20-6.prob 0.43 2590 2371 2348 23 23
rand-20-8.prob 0.28 1749 1579 1558 21 21
rand-20-9.prob 0.36 2075 1768 1728 22 23
rand-20-10.prob 0.28 1796 1603 1579 24 24
rand-20-11.prob 0.24 1379 1238 1218 20 20
rand-20-12.prob 0.24 1752 1497 1464 20 21
rand-20-13.prob 0.39 2080 1885 1863 22 22
rand-20-14.prob 0.33 1967 1778 1755 23 23
rand-20-15.prob 0.58 3296 2931 2896 18 19
rand-20-16.prob 0.28 1994 1723 1684 25 26
rand-20-17.prob 0.34 2188 1984 1961 23 23
rand-20-18.prob 15.35 73392 50607 49508 16 18
rand-20-19.prob 0.37 2077 1882 1861 21 21
rand-20-7.prob  30.0 -1
