rand-20-0.prob 0.27 3202 1 1 19 20
rand-20-1.prob 0.07 695 1 1 24 24
rand-20-2.prob 0.06 474 1 1 22 22
rand-20-3.prob 20.17 237062 1 1 24 25
rand-20-4.prob 0.38 4656 1 1 20 21
rand-20-5.prob 12.67 158937 1 1 22 23
rand-20-6.prob 0.07 603 1 1 23 23
rand-20-8.prob 0.05 551 1 1 21 21
rand-20-9.prob 0.11 905 1 1 22 23
rand-20-10.prob 0.05 521 1 1 24 24
rand-20-11.prob 0.06 383 1 1 20 20
rand-20-12.prob 0.3 3495 1 1 20 21
rand-20-13.prob 0.07 563 1 1 22 22
rand-20-14.prob 0.06 342 1 1 23 23
rand-20-15.prob 23.37 293627 1 1 18 19
rand-20-16.prob 0.51 6322 1 1 25 26
rand-20-17.prob 0.05 624 1 1 23 23
rand-20-18.prob 38.9 -1
rand-20-19.prob 0.08 830 1 1 21 21
