rand-20-0.prob 0.02 458 19 20
rand-20-1.prob 0.02 357 24 24
rand-20-2.prob 0.04 277 22 22
rand-20-3.prob 0.03 293 24 25
rand-20-4.prob 0.03 560 20 21
rand-20-5.prob 0.05 2421 22 23
rand-20-6.prob 0.01 489 23 23
rand-20-8.prob 0.01 225 21 21
rand-20-9.prob 0.04 860 22 23
rand-20-10.prob 0.01 543 24 25
rand-20-11.prob 0.02 326 20 20
rand-20-12.prob 0.02 551 20 21
rand-20-13.prob 0.01 259 22 22
rand-20-14.prob 0.02 259 23 23
rand-20-15.prob 0.06 3805 18 19
rand-20-16.prob 0.06 1875 25 28
rand-20-17.prob 0.05 3040 23 23
rand-20-18.prob 0.23 16735 16 18
rand-20-19.prob 0.03 1164 21 24
rand-20-7.prob 15.56 970433 25 27
