rand-20-0.prob 0.05 3202 19 20
rand-20-1.prob 0.03 695 24 24
rand-20-2.prob 0.02 474 22 22
rand-20-3.prob 4.61 237062 24 25
rand-20-4.prob 0.07 4656 20 21
rand-20-5.prob 2.14 158937 22 23
rand-20-6.prob 0 603 23 23
rand-20-8.prob 0.03 551 21 21
rand-20-9.prob 0.05 905 22 23
rand-20-10.prob 0.02 521 24 24
rand-20-11.prob 0.02 383 20 20
rand-20-12.prob 0.06 3495 20 21
rand-20-13.prob 0.04 563 22 22
rand-20-14.prob 0.04 342 23 23
rand-20-15.prob 3.68 293627 18 19
rand-20-16.prob 0.11 6322 25 26
rand-20-17.prob 0.03 624 23 23
rand-20-18.prob 102.84 8669787 16 18
rand-20-19.prob 0.03 830 21 21
