rand-20-0.prob 16.03 3424 2979 2935 19 20
rand-20-1.prob 12.54 2909 2657 2633 24 24
rand-20-2.prob 5.09 1927 1729 1707 22 22
rand-20-3.prob 76.1 7788 6255 6108 24 25
rand-20-4.prob 3.01 1520 1355 1334 20 21
rand-20-5.prob 354.13 17755 13208 12976 22 23
rand-20-6.prob 9.74 2590 2358 2335 23 23
rand-20-8.prob 4.08 1749 1560 1539 21 21
rand-20-9.prob 5.99 2208 1858 1816 22 23
rand-20-10.prob 4.06 1796 1595 1571 24 24
rand-20-11.prob 2.3 1379 1218 1198 20 20
rand-20-12.prob 11.52 3110 2516 2457 20 21
rand-20-13.prob 6.09 2080 1872 1850 22 22
rand-20-14.prob 5.22 1967 1760 1737 23 23
rand-20-15.prob 15.2 3296 2912 2877 18 19
rand-20-16.prob 4.93 1983 1695 1656 25 26
rand-20-17.prob 6.67 2188 1969 1946 23 23
rand-20-18.prob 1024.28 33429 21594 21073 16 18
rand-20-19.prob 6.1 2077 1875 1854 21 21
rand-20-7.prob 