rand-20-0.prob 12.61 3325 2965 2932 19 20
rand-20-1.prob 9.85 2909 2657 2633 24 24
rand-20-2.prob 4.1 1927 1729 1707 22 22
rand-20-3.prob 58.38 7151 5723 5589 24 25
rand-20-4.prob 2.49 1520 1355 1334 20 21
rand-20-5.prob 11.4 3089 2667 2624 22 23
rand-20-6.prob 7.53 2590 2358 2335 23 23
rand-20-8.prob 2.72 1749 1560 1539 21 21
rand-20-9.prob 4.64 2095 1826 1795 22 23
rand-20-10.prob 3.07 1796 1595 1571 24 24
rand-20-11.prob 1.93 1379 1218 1198 20 20
rand-20-12.prob 2.39 1682 1435 1404 20 21
rand-20-13.prob 4.63 2080 1872 1850 22 22
rand-20-14.prob 3.37 1967 1760 1737 23 23
rand-20-15.prob 13.63 3296 2912 2877 18 19
rand-20-16.prob 4.94 2147 1872 1837 25 26
rand-20-17.prob 5.4 2188 1969 1946 23 23
rand-20-18.prob 927.2 31328 20395 19914 16 18
rand-20-19.prob 4.73 2077 1875 1854 21 21
