rand-20-0.prob 8.82 3325 2965 2932 19 20
rand-20-1.prob 7.12 2909 2657 2633 24 24
rand-20-2.prob 2.95 1927 1729 1707 22 22
rand-20-3.prob 20.18 -1
rand-20-4.prob 1.77 1520 1355 1334 20 21
rand-20-5.prob 8.3 3089 2667 2624 22 23
rand-20-6.prob 5.57 2590 2358 2335 23 23
rand-20-8.prob 2.14 1749 1560 1539 21 21
rand-20-9.prob 3.43 2095 1826 1795 22 23
rand-20-10.prob 2.33 1796 1595 1571 24 24
rand-20-11.prob 1.49 1379 1218 1198 20 20
rand-20-12.prob 1.93 1682 1435 1404 20 21
rand-20-13.prob 3.46 2080 1872 1850 22 22
rand-20-14.prob 2.72 1967 1760 1737 23 23
rand-20-15.prob 9.97 3296 2912 2877 18 19
rand-20-16.prob 3.57 2147 1872 1837 25 26
rand-20-17.prob 3.92 2188 1969 1946 23 23
rand-20-18.prob 21.2 -1
rand-20-19.prob 3.54 2077 1875 1854 21 21
