1 1 2 2 0 0
2 4446 3884 3833 20 21
3 2486 2267 2246 21 21
4 3031 2711 2680 19 20
5 11624 7840 7667 16 18
6 2539 2312 2291 21 21
7 5927 5121 5059 17 18
8 2196 1988 1967 21 21
9 2498 2266 2243 20 21
10 1 2 2 0 0
11 2582 2344 2321 23 23
12 2402 2169 2145 24 24
13 2967 2719 2697 22 22
14 3178 2817 2779 22 23
15 5223 4529 4454 21 22
16 2238 2021 1998 23 23
17 2428 2209 2188 21 21
18 2679 2436 2413 23 23
19 1 2 2 0 0
20 3300 2812 2767 19 20
21 3899 3467 3426 19 20
22 15573 13251 13100 20 21
23 9017 7723 7625 20 21
24 182506 117939 115708 18 20
25 12583 10006 9807 19 20
26 2345 2117 2093 24 24
27 1672 1472 1448 19 20
28 1 2 2 0 0
29 2064 1703 1665 18 19
30 1675 1490 1468 22 22
31 4567 3757 3694 19 20
32 5001 4162 4080 21 22
33 52708 31599 30881 16 18
34 2852 2610 2588 22 22
35 37044 30276 29841 19 20
36 1604 1419 1397 18 19
37 1 2 2 0 0
38 1652 1482 1463 18 19
39 2591 2370 2350 20 20
40 1898 1711 1692 19 19
41 2531 2305 2284 21 21
42 3801 3315 3273 22 23
43 2251 1915 1879 20 21
44 1901 1704 1682 22 22
45 1934 1698 1674 18 19
46 1 2 2 0 0
47 20000 17044 16834 22 23
48 152703 100249 97582 21 23
49 1744 1574 1556 17 18
50 51 