8
11
16
-1
5
19
2
18
7
12
-1
-1
-1
14
-1
4
-1
0
-1
3

13
-1
1
-1
-1
18
14
10
0
3
-1
19
-1
17
8
16
-1
5
9
15

10
18
-1
19
15
0
-1
-1
-1
16
11
8
2
14
17
-1
6
-1
-1
4

12
17
-1
-1
2
6
8
18
-1
4
13
-1
19
5
0
14
7
-1
9
3

3
0
-1
-1
17
18
13
10
-1
5
-1
-1
14
-1
4
8
9
11
-1
15

-1
8
19
13
15
-1
5
3
16
-1
14
17
-1
-1
7
6
12
18
-1
0

15
8
1
18
10
17
5
16
3
14
-1
13
-1
-1
-1
-1
-1
-1
12
0

9
3
-1
-1
13
-1
18
17
-1
8
11
4
15
2
6
-1
19
14
-1
0

4
15
9
-1
3
-1
7
8
18
19
11
-1
10
17
-1
5
1
12
-1
-1

-1
11
-1
14
3
19
12
-1
10
-1
-1
5
17
15
13
8
6
0
1
16

-1
0
12
4
7
9
1
8
14
-1
17
16
15
-1
19
10
-1
13
-1
18

17
8
-1
-1
11
4
15
6
7
14
12
13
5
2
-1
-1
18
1
-1
-1

-1
-1
-1
1
-1
18
13
11
10
17
14
-1
5
7
15
2
12
-1
3
16

8
11
6
-1
-1
18
16
2
17
-1
4
12
-1
0
10
14
13
-1
1
5

10
5
-1
17
-1
-1
-1
19
-1
15
-1
18
4
12
8
7
2
-1
-1
1

-1
17
15
-1
7
-1
-1
8
-1
6
2
4
1
9
-1
0
13
3
10
12

-1
19
-1
-1
-1
16
4
15
-1
2
7
6
-1
12
11
18
3
-1
-1
5

7
-1
3
17
-1
18
10
8
14
4
-1
12
1
19
9
6
15
16
-1
5
