10 0.05 2450 12 13
10 0.85 56072 13 14
10 0.04 640 12 13
10 0.02 66 11 11
10 0.03 91 14 14
11 0 138 15 15
11 0.02 121 15 15
11 0.13 6650 14 15
11 0.03 1002 13 14
11 0.06 154 15 15
12 0.03 324 15 16
12 0.02 101 17 17
12 1.37 89470 15 17
12 4.01 274177 16 17
12 0 109 14 14
13 0.02 186 17 17
13 0.01 202 18 18
13 0.01 226 18 18
13 0.02 158 16 16
13 0.01 239 17 17
14 1.84 119148 19 20
14 0.01 211 19 19
14 0.02 228 19 19
14 0.01 145 16 16
14 1.88 116906 18 19
15 0.01 245 17 18
15 0.03 145 18 18
15 0.01 169 19 19
15 0.51 32185 21 22
15 0.01 176 20 20
16 0.92 62137 19 20
16 0.02 313 20 20
16 0.03 228 17 17
16 1.74 108478 18 20
16 0.17 8966 20 21
17 2.89 192721 20 21
17 0.02 281 23 23
17 0.02 372 19 20
17 0.08 3774 19 20
18 0.03 500 18 19
18 0.03 1021 19 20
