10 0.03 21 2 12 13
10 0.04 25 2 13 14
10 0.02 20 2 12 13
10 0.01 12 0 11 11
10 0.02 15 0 14 14
11 0.03 16 0 15 15
11 0.02 16 0 15 15
11 0.04 23 2 14 15
11 0.01 27 3 13 14
11 0.01 16 0 15 15
12 0.02 22 2 15 16
12 0.01 18 0 17 17
12 0 45 8 15 17
12 0.02 26 2 16 17
12 0.01 15 0 14 14
13 0.01 18 0 17 17
13 0.02 19 0 18 18
13 0 19 0 18 18
13 0 17 0 16 16
13 0.02 18 0 17 17
14 0.02 31 2 19 20
14 0.02 20 0 19 19
14 0.02 20 0 19 19
14 0.01 17 0 16 16
14 0.01 33 3 18 19
15 0.01 27 3 17 18
15 0.01 19 0 18 18
15 0.03 20 0 19 19
15 0 33 2 21 22
15 0.01 21 0 20 20
16 0.02 43 4 19 20
16 0.01 21 0 20 20
16 0 18 0 17 17
16 0.02 58 8 18 20
16 0.01 31 2 20 21
17 0.02 36 3 20 21
17 0.03 24 0 23 23
17 0.03 26 2 19 20
17 0.03 33 3 19 20
17 0.02 201 36 18 21
18 0.02 69 7 20 22
18 0.01 28 2 18 19
18 0.03 44 5 19 20
18 0.01 123 21 22 24
18 0.04 741 147 17 21
19 0.01 36 2 19 20
19 0.02 47 3 22 23
19 0.01 26 0 25 25
19 0.05 133 19 23 25
19 0.02 47 3 24 25
20 0.02 88 15 21 23
20 0.04 45 2 27 28
20 0.03 47 2 26 27
20 0.02 42 3 26 27
20 0.01 29 0 28 28
21 0.02 339 52 26 29
21 0.03 284 57 27 30
21 0.01 246 40 24 27
21 0.02 28 0 27 27
21 0.02 50 2 28 29
22 0.04 29 0 28 28
22 0.01 164 29 26 29
22 0.03 80 7 25 27
22 0.03 91 9 29 31
22 0.03 51 5 26 27
23 0.01 45 3 29 30
23 0.03 31 0 30 30
23 0.01 207 25 28 30
23 0.03 210 31 28 31
23 0.01 46 4 24 25
24 0.02 172 29 32 35
24 0.03 51 2 33 34
24 0.03 89 9 32 34
24 0.03 242 42 30 33
24 0.02 91 9 32 34
25 0.02 182 19 31 33
25 0.01 54 4 29 30
25 0.01 93 9 28 30
25 0.04 171 19 28 30
25 0.03 59 4 29 30
26 0.01 268 43 30 33
26 0.01 72 5 32 33
26 0.06 1608 255 26 30
26 0.03 212 16 29 31
26 0.06 1044 128 31 35
27 0.01 35 0 34 34
27 0.03 60 2 38 39
27 0.06 1633 222 30 34
27 0.13 2545 355 33 37
27 0.02 69 2 33 34
28 0.25 5550 937 36 41
28 0.01 35 0 34 34
28 0.02 335 55 34 37
28 0.02 187 19 32 34
28 0.02 254 34 31 34
29 0.14 3151 406 35 39
29 0.03 599 81 36 39
29 0.01 84 9 34 36
29 0.09 2325 373 36 40
29 0.04 811 117 32 35
30 0.02 175 17 36 38
30 0.03 273 41 38 41
30 0.07 1162 141 37 40
30 0.02 72 4 37 38
30 0.26 6127 931 34 39
31 0.54 11233 1840 39 44
31 10.01 -1
31 0.01 72 2 40 41
31 0.14 2541 424 37 41
31 0.14 2706 396 37 41
32 0.02 110 8 43 45
32 0.61 13611 2033 36 41
32 0.54 10125 1890 39 44
32 0.02 283 37 40 42
32 0.02 180 22 38 40
33 0.03 356 41 44 47
33 0.96 19689 3095 37 42
33 0.12 2115 312 42 46
33 0.11 2119 325 44 48
33 0.09 911 120 38 41
34 0.53 12010 1403 40 45
34 0.35 8111 1180 42 47
34 0.05 270 27 38 40
34 0.1 1861 202 44 48
34 0.36 7830 1348 41 46
35 0.01 144 9 42 44
35 0.61 12168 1960 44 49
35 0.04 314 26 44 46
35 0.32 6801 951 43 47
35 0.07 773 83 42 45
