selman-40-0.prob 1.2 2531 1535 787 47 52
selman-40-1.prob 0.9 1619 1233 566 47 50
selman-40-2.prob 9.8 18289 9375 3807 47 54
selman-40-3.prob 5.7 9399 6091 2516 50 56
selman-40-4.prob 0.71 1287 984 561 50 54
selman-45-0.prob 2.21 3986 2920 1359 54 58
selman-45-1.prob 5.68 9603 4850 2164 56 63
selman-45-2.prob 3.21 5400 3691 1505 56 61
selman-45-3.prob 3.31 6083 4197 1728 52 57
selman-45-4.prob 2.86 5060 3442 1447 51 55
selman-46-0.prob 1.77 2823 1901 844 60 65
selman-46-1.prob 1 1629 1337 683 57 60
selman-46-2.prob 15.15 23512 14575 5723 56 63
selman-46-3.prob 11.77 18598 11838 5159 55 62
selman-46-4.prob 2.69 4330 2840 1274 58 63
selman-47-0.prob 26.94 39543 24140 9646 58 66
selman-47-1.prob 5.36 8841 5831 2454 60 65
selman-47-2.prob 12.19 17620 11399 3405 60 67
selman-47-3.prob 17.07 23790 16113 4981 63 70
selman-47-4.prob 12.83 18460 11829 4110 59 66
selman-48-0.prob 7.72 10971 7457 3211 64 70
selman-48-1.prob 14.15 20127 12025 4637 57 64
selman-48-2.prob 11.83 18621 9938 4010 56 64
selman-48-3.prob 6.85 9844 6236 2481 59 65
selman-48-4.prob 16.85 26982 16001 7192 56 63
selman-49-0.prob 30.02 -1
selman-49-1.prob 30 -1
selman-49-2.prob 9.05 16850 10867 4800 55 60
selman-49-3.prob 30.02 -1
selman-49-4.prob 12.93 21718 13364 6014 59 64
selman-50-0.prob 30.05 -1
selman-50-1.prob 2.97 4936 3300 1752 63 68
selman-50-2.prob 30 -1
selman-50-3.prob 9.84 15697 9550 4405 60 66
selman-50-4.prob 3.13 5557 3670 1989 60 65
