10 0.02 16 17 4 12 13
10 0.03 17 18 4 13 14
10 0.02 16 17 4 12 13
10 0.03 12 13 2 11 11
10 0.01 15 16 2 14 14
11 0.01 16 17 2 15 15
11 0.02 16 17 2 15 15
11 0.01 18 19 4 14 15
11 0.01 21 22 7 13 14
11 0.01 16 17 2 15 15
12 0 18 19 3 15 16
12 0.01 18 19 2 17 17
12 0.03 27 27 8 15 17
12 0.02 19 20 3 16 17
12 0 15 16 2 14 14
13 0 18 19 2 17 17
13 0.02 19 20 2 18 18
13 0.01 19 20 2 18 18
13 0.04 17 18 2 16 16
13 0.01 18 19 2 17 17
14 0.02 23 23 3 19 20
14 0.02 20 21 2 19 19
14 0 20 21 2 19 19
14 0.01 17 18 2 16 16
14 0.01 25 26 6 18 19
15 0.01 24 25 6 17 18
15 0.01 19 20 2 18 18
15 0.01 20 21 2 19 19
15 0.01 26 26 4 21 22
15 0.02 21 22 2 20 20
16 0.03 33 33 9 19 20
16 0.01 21 22 2 20 20
16 0 18 19 2 17 17
16 0.01 41 41 16 18 20
16 0.01 25 25 4 20 21
17 0.01 29 30 7 20 21
17 0.02 24 25 2 23 23
17 0.03 24 25 5 19 20
17 0.02 29 30 8 19 20
17 0.04 91 76 38 18 21
18 0.03 40 38 10 20 22
18 0.03 24 25 6 18 19
18 0.02 40 39 12 19 20
18 0.02 67 62 25 22 24
18 0.04 180 140 61 17 21
19 0.03 25 26 6 19 20
19 0.03 33 34 10 22 23
19 0.02 26 27 2 25 25
19 0.01 54 51 17 23 25
19 0.02 43 43 12 24 25
20 0.01 49 49 21 21 23
20 0.01 32 33 5 27 28
20 0.02 31 32 5 26 27
20 0.01 37 37 7 26 27
20 0.06 29 30 2 28 28
21 0.03 112 99 44 26 29
21 0.02 147 131 52 27 30
21 0.02 98 85 32 24 27
21 0.04 28 29 2 27 27
21 0.02 33 33 4 28 29
22 0.02 29 30 2 28 28
22 0.05 91 79 28 26 29
22 0.03 45 44 15 25 27
22 0.02 60 59 19 29 31
22 0.06 44 44 13 26 27
23 0.04 38 39 8 29 30
23 0.03 31 32 2 30 30
23 0.03 73 74 33 28 30
23 0.04 107 98 44 28 31
23 0.04 37 36 9 24 25
24 0.04 96 89 32 32 35
24 0.02 39 40 6 33 34
24 0.03 58 57 16 32 34
24 0.03 182 173 70 30 33
24 0.01 61 61 20 32 34
25 0 68 65 26 31 33
25 0.02 40 41 10 29 30
25 0.04 65 63 28 28 30
25 0.03 79 77 40 28 30
25 0.02 46 46 13 29 30
26 0.07 211 183 91 30 33
26 0.03 52 53 15 32 33
26 0.06 374 288 134 26 30
26 0.03 88 86 23 29 31
26 0.06 313 275 94 31 35
27 0.03 35 36 2 34 34
27 0 44 45 6 38 39
27 0.08 425 312 198 30 34
27 0.07 388 312 129 33 37
27 0.01 40 40 6 33 34
28 0.18 664 496 204 36 41
28 0 35 36 2 34 34
28 0.03 151 120 54 34 37
28 0.02 79 76 34 32 34
28 0.06 138 116 63 31 34
29 0.07 463 400 132 35 39
29 0.06 179 165 77 36 39
29 0.02 65 60 20 34 36
29 0.08 353 270 135 36 40
29 0.04 173 143 60 32 35
30 0.05 127 123 59 36 38
30 0.07 151 122 53 38 41
30 0.07 198 179 72 37 40
30 0.01 52 53 14 37 38
30 0.17 809 595 300 34 39
31 0.17 698 517 208 39 44
31 0.83 3356 2029 628 37 45
31 0.01 47 48 7 40 41
31 0.09 423 341 148 37 41
31 0.1 443 342 163 37 41
32 0.04 118 113 41 43 45
32 0.17 905 647 312 36 41
32 0.11 595 399 158 39 44
32 0.03 170 144 59 40 42
32 0.03 145 118 60 38 40
33 0.05 206 188 74 44 47
33 0.2 858 646 317 37 42
33 0.09 413 318 175 42 46
33 0.08 370 307 132 44 48
33 0.07 243 222 118 38 41
34 0.29 1141 940 426 40 45
34 0.21 975 784 352 42 47
34 0.04 73 72 25 38 40
34 0.1 446 371 179 44 48
34 0.16 837 626 281 41 46
35 0.04 89 89 32 42 44
35 0.16 787 512 206 44 49
35 0.02 88 87 29 44 46
35 0.13 512 452 196 43 47
35 0.06 215 191 100 42 45
36 0.05 195 178 65 44 47
36 0.32 1521 1099 505 42 47
36 0.79 3472 2260 920 43 49
36 0.06 259 245 111 45 47
36 0.06 268 243 119 45 48
37 0.36 1311 1001 467 46 51
37 0.1 479 419 165 48 52
37 0.04 216 196 80 44 47
37 0.41 1690 1172 588 43 48
37 0.02 61 61 13 46 47
38 0.7 3271 2151 904 45 51
38 0.17 724 569 292 48 52
38 0.14 436 370 148 50 54
38 0.54 2403 1802 961 44 49
38 0.83 3414 2425 1055 45 51
39 0.05 302 277 137 47 50
39 0.85 3285 2287 1145 45 51
39 0.44 1779 1329 613 45 50
39 0.07 203 197 91 47 49
39 0.19 821 665 315 45 49
40 0.44 1674 1176 502 47 52
40 0.1 250 230 121 47 50
40 1.32 5565 3803 1552 47 54
40 0.54 2104 1623 709 50 56
40 0.17 787 648 307 50 54
41 0.17 673 473 237 49 53
41 0.46 1813 1264 577 48 53
41 0.18 841 704 315 50 54
41 0.92 3588 2659 1041 49 55
41 0.2 810 635 376 47 51
42 0.81 3287 2403 1074 51 57
42 1.59 6178 4164 1352 52 59
42 0.09 352 306 169 50 53
42 0.71 2368 1770 774 51 57
42 0.86 3096 2212 955 53 59
43 0.19 816 672 279 54 58
43 0.49 1959 1482 747 52 57
43 0.21 748 613 277 55 59
43 0.43 1577 1240 439 56 61
43 0.45 1714 1293 513 58 63
44 0.49 2113 1657 702 54 59
44 1.12 3957 2873 1105 56 62
44 1.87 6684 4617 1710 54 61
44 1.2 4333 3251 1545 53 59
44 3.2 10702 7069 2820 52 60
45 0.27 941 807 402 54 58
45 1.56 5738 3647 1527 56 63
45 0.5 1773 1349 661 56 61
45 0.58 2225 1727 731 52 57
45 0.17 902 727 374 51 55
