10 0.13 830 615 582 12 13
10 0.36 2927 2034 1920 13 14
10 0.08 683 541 515 12 13
10 0.01 208 167 156 11 11
10 0.04 507 428 414 14 14
11 0.06 427 352 337 15 15
11 0.05 421 351 336 15 15
11 0.18 1396 1006 946 14 15
11 0.09 508 417 398 13 14
11 0.08 540 461 446 15 15
12 0.07 402 324 306 15 16
12 0.12 640 547 530 17 17
12 1.06 6748 4571 4307 15 17
12 2.19 15328 11197 10756 16 17
12 0.1 455 381 367 14 14
13 0.09 615 522 505 17 17
13 0.1 780 673 655 18 18
13 0.09 716 614 596 18 18
13 0.07 530 444 428 16 16
13 0.14 679 579 562 17 17
14 0.44 3058 2334 2243 19 20
14 0.16 974 861 842 19 19
14 0.13 916 800 781 19 19
14 0.08 358 291 275 16 16
14 0.31 2144 1588 1513 18 19
15 0.07 562 468 449 17 18
15 0.05 432 349 331 18 18
15 0.11 709 611 592 19 19
15 0.67 5079 3599 3430 21 22
15 0.11 623 520 500 20 20
16 0.8 4642 3837 3755 19 20
16 0.19 996 865 845 20 20
16 0.08 592 509 492 17 17
16 1.11 7149 5138 4889 18 20
16 0.32 2325 1823 1753 20 21
17 3.57 23872 17673 17004 20 21
17 0.26 1506 1334 1311 23 23
17 0.62 4199 3311 3189 19 21
17 0.17 1274 1092 1064 19 20
18 5.4 32570 22579 21778 20 22
18 0.11 825 698 678 18 19
18 0.14 982 778 739 19 20
